0	98	67	30	48	44	47	30	49	83	
98	0	23	22	14	22	12	29	60	39	
67	23	0	3	53	69	77	2	54	47	
30	22	3	0	56	79	90	34	50	61	
48	14	53	56	0	4	79	46	19	22	
44	22	69	79	4	0	37	57	76	51	
47	12	77	90	79	37	0	30	80	81	
30	29	2	34	46	57	30	0	12	79	
49	60	54	50	19	76	80	12	0	24	
83	39	47	61	22	51	81	79	24	0